Tensor shapes:
  mb_type:     1
  cbp:         0
  qp:          38
  is_intra:    False
  b8mode:      tensor([1, 1, 1, 1], dtype=torch.int8)
  b8pdir:      tensor([1, 1, 1, 1], dtype=torch.int8)
  i16mode:     0
  c_ipred_mode:0
  transform_8x8:False
  mv_list0:    tensor([[[0, 0],
         [0, 0],
         [0, 0],
         [0, 0]],

        [[0, 0],
         [0, 0],
         [0, 0],
         [0, 0]],

        [[0, 0],
         [0, 0],
         [0, 0],
         [0, 0]],

        [[0, 0],
         [0, 0],
         [0, 0],
         [0, 0]]], dtype=torch.int16)
  mv_list1:    tensor([[[1, 0],
         [1, 0],
         [1, 0],
         [1, 0]],

        [[1, 0],
         [1, 0],
         [1, 0],
         [1, 0]],

        [[1, 0],
         [1, 0],
         [1, 0],
         [1, 0]],

        [[1, 0],
         [1, 0],
         [1, 0],
         [1, 0]]], dtype=torch.int16)
  ref_idx_list0:tensor([[-1, -1, -1, -1],
        [-1, -1, -1, -1],
        [-1, -1, -1, -1],
        [-1, -1, -1, -1]], dtype=torch.int8)
  ref_idx_list1:tensor([[0, 0, 0, 0],
        [0, 0, 0, 0],
        [0, 0, 0, 0],
        [0, 0, 0, 0]], dtype=torch.int8)
  ipredmode:   tensor([[-1, -1, -1, -1],
        [-1, -1, -1, -1],
        [-1, -1, -1, -1],
        [-1, -1, -1, -1]], dtype=torch.int8)
  luma_cof:    tensor([[0, 0, 0, 0, 0, 0, 0, 0, 0, 0, 0, 0, 0, 0, 0, 0],
        [0, 0, 0, 0, 0, 0, 0, 0, 0, 0, 0, 0, 0, 0, 0, 0],
        [0, 0, 0, 0, 0, 0, 0, 0, 0, 0, 0, 0, 0, 0, 0, 0],
        [0, 0, 0, 0, 0, 0, 0, 0, 0, 0, 0, 0, 0, 0, 0, 0],
        [0, 0, 0, 0, 0, 0, 0, 0, 0, 0, 0, 0, 0, 0, 0, 0],
        [0, 0, 0, 0, 0, 0, 0, 0, 0, 0, 0, 0, 0, 0, 0, 0],
        [0, 0, 0, 0, 0, 0, 0, 0, 0, 0, 0, 0, 0, 0, 0, 0],
        [0, 0, 0, 0, 0, 0, 0, 0, 0, 0, 0, 0, 0, 0, 0, 0],
        [0, 0, 0, 0, 0, 0, 0, 0, 0, 0, 0, 0, 0, 0, 0, 0],
        [0, 0, 0, 0, 0, 0, 0, 0, 0, 0, 0, 0, 0, 0, 0, 0],
        [0, 0, 0, 0, 0, 0, 0, 0, 0, 0, 0, 0, 0, 0, 0, 0],
        [0, 0, 0, 0, 0, 0, 0, 0, 0, 0, 0, 0, 0, 0, 0, 0],
        [0, 0, 0, 0, 0, 0, 0, 0, 0, 0, 0, 0, 0, 0, 0, 0],
        [0, 0, 0, 0, 0, 0, 0, 0, 0, 0, 0, 0, 0, 0, 0, 0],
        [0, 0, 0, 0, 0, 0, 0, 0, 0, 0, 0, 0, 0, 0, 0, 0],
        [0, 0, 0, 0, 0, 0, 0, 0, 0, 0, 0, 0, 0, 0, 0, 0]], dtype=torch.int16)
  chroma_cof:  tensor([[0, 0, 0, 0, 0, 0, 0, 0, 0, 0, 0, 0, 0, 0, 0, 0, 0, 0, 0, 0, 0, 0, 0, 0,
         0, 0, 0, 0, 0, 0, 0, 0, 0, 0, 0, 0, 0, 0, 0, 0, 0, 0, 0, 0, 0, 0, 0, 0,
         0, 0, 0, 0, 0, 0, 0, 0, 0, 0, 0, 0, 0, 0, 0, 0],
        [0, 0, 0, 0, 0, 0, 0, 0, 0, 0, 0, 0, 0, 0, 0, 0, 0, 0, 0, 0, 0, 0, 0, 0,
         0, 0, 0, 0, 0, 0, 0, 0, 0, 0, 0, 0, 0, 0, 0, 0, 0, 0, 0, 0, 0, 0, 0, 0,
         0, 0, 0, 0, 0, 0, 0, 0, 0, 0, 0, 0, 0, 0, 0, 0]], dtype=torch.int16)
